0	命运之书	0	0	0
1	金创药(小量)	0	0	0
1	魔法药(小量)	0	0	0
0	肉	0	0	0
2	布衣(男)	0	0	0
2	布衣(女)	0	0	0
3	木剑	0	0	0
3	铁剑	0	0	0
3	青铜剑	0	0	0
2	轻型盔甲(男)	0	0	0
2	轻型盔甲(女)	0	0	0
1	干肉	0	0	0
3	凝霜	0	0	0
0	火球术	0	0	0
0	治愈术	0	0	0
0	基本剑术	0	0	0
6	蜡烛	0	0	0
3	短剑	0	0	0
0	精神力战法	0	0	0
3	青铜斧	0	0	0
2	重盔甲(女)	0	0	0
2	魔法长袍(女)	0	0	0
2	灵魂战衣(女)	0	0	0
2	重盔甲(男)	0	0	0
2	魔法长袍(男)	0	0	0
2	灵魂战衣(男)	0	0	0
0	大火球	0	0	0
0	攻杀剑术	0	0	0
0	施毒术	0	0	0
3	匕首	0	0	0
3	井中月	0	0	0
3	银蛇	0	0	0
3	海魂	0	0	0
3	修罗	0	0	0
3	炼狱	0	0	0
3	凌风	0	0	0
3	破魂	0	0	0
3	斩马刀	0	0	0
0	食人树叶	0	0	0
0	毒蜘蛛牙齿	0	0	0
0	食人树果实	0	0	0
0	蝎子尾巴	0	0	0
0	蛆卵	0	0	0
5	灰色药粉(少量)	0	0	0
5	黄色药粉(少量)	0	0	0
4	古铜戒指	0	0	0
4	青铜头盔	0	0	0
4	金项链	0	0	0
4	铁手镯	0	0	0
5	灰色药粉(中量)	0	0	0
5	灰色药粉(大量)	0	0	0
5	黄色药粉(中量)	0	0	0
5	黄色药粉(大量)	0	0	0
3	乌木剑	0	0	0
3	魔杖	0	0	0
3	八荒	0	0	0
0	鸡肉	0	0	0
4	玻璃戒指	0	0	0
4	牛角戒指	0	0	0
4	蓝色水晶戒指	0	0	0
4	六角戒指	0	0	0
4	黑檀项链	0	0	0
4	黄色水晶项链	0	0	0
4	黑色水晶项链	0	0	0
4	魔法头盔	0	0	0
0	沃玛号角	0	0	0
3	半月	0	0	0
4	皮制手套	0	0	0
4	坚固手套	0	0	0
4	钢手镯	0	0	0
4	生铁戒指	0	0	0
4	金戒指	0	0	0
4	灯笼项链	0	0	0
4	白色虎齿项链	0	0	0
4	魅力戒指	0	0	0
4	道德戒指	0	0	0
4	白金项链	0	0	0
4	降妖除魔戒指	0	0	0
4	躲避手链	0	0	0
0	地牢逃脱卷	0	0	0
3	偃月	0	0	0
3	降魔	0	0	0
4	传统项链	0	0	0
4	小手镯	0	0	0
4	银手镯	0	0	0
4	大手镯	0	0	0
3	鹤嘴锄	0	0	0
4	隐身戒指	0	0	0
0	抗拒火环	0	0	0
0	地狱火	0	0	0
0	雷电术	0	0	0
0	疾光电影	0	0	0
0	灵魂火符	0	0	0
0	幽灵盾	0	0	0
0	神圣战甲术	0	0	0
1	金创药(中量)	0	0	0
1	魔法药(中量)	0	0	0
4	黑色水晶戒指	0	0	0
4	魔鬼项链	0	0	0
4	珊瑚戒指	0	0	0
4	蓝翡翠项链	0	0	0
4	蛇眼戒指	0	0	0
4	琥珀项链	0	0	0
5	护身符	0	0	0
0	刺杀剑术	0	0	0
4	放大镜	0	0	0
4	红宝石戒指	0	0	0
4	珍珠戒指	0	0	0
4	竹笛	0	0	0
4	铂金戒指	0	0	0
4	骷髅戒指	0	0	0
4	龙之戒指	0	0	0
4	死神手套	0	0	0
4	骷髅头盔	0	0	0
4	魔法手镯	0	0	0
4	金手镯	0	0	0
4	道士头盔	0	0	0
4	传送戒指	0	0	0
4	骑士手镯	0	0	0
4	绿色项链	0	0	0
4	凤凰明珠	0	0	0
4	道士手镯	0	0	0
4	三眼手镯	0	0	0
4	灵魂项链	0	0	0
4	黑檀手镯	0	0	0
4	思贝儿手镯	0	0	0
4	恶魔铃铛	0	0	0
0	铜矿	0	0	0
0	铁矿	0	0	0
0	银矿	0	0	0
0	金矿	0	0	0
0	战神油	0	0	0
0	回城卷	0	0	0
0	祝福油	0	0	0
4	麻痹戒指	0	0	0
4	复活戒指	0	0	0
4	火焰戒指	0	0	0
4	防御戒指	0	0	0
4	求婚戒指	0	0	0
4	护身戒指	0	0	0
4	超负载戒指	0	0	0
4	技巧项链	0	0	0
4	狂风戒指	0	0	0
4	夏普儿手镯	0	0	0
4	狂风项链	0	0	0
4	避邪手镯	0	0	0
4	探测项链	0	0	0
0	困魔咒	0	0	0
0	召唤骷髅	0	0	0
0	隐身术	0	0	0
0	集体隐身术	0	0	0
0	诱惑之光	0	0	0
0	瞬息移动	0	0	0
0	火墙	0	0	0
0	爆裂火焰	0	0	0
0	地狱雷光	0	0	0
0	半月弯刀	0	0	0
1	太阳水	0	0	0
0	祖玛头像	0	0	0
0	介绍信	0	0	0
0	随机传送卷	0	0	0
3	无极棍	0	0	0
3	血饮	0	0	0
3	裁决之杖	0	0	0
4	记忆戒指	0	0	0
4	记忆项链	0	0	0
4	记忆手镯	0	0	0
4	记忆头盔	0	0	0
3	祈祷之刃	0	0	0
4	祈祷手镯	0	0	0
4	祈祷项链	0	0	0
4	祈祷戒指	0	0	0
4	祈祷头盔	0	0	0
0	行会回城卷	0	0	0
0	修复油	0	0	0
1	强效金创药	0	0	0
1	强效魔法药	0	0	0
4	生命项链	0	0	0
4	力量戒指	0	0	0
4	心灵手镯	0	0	0
4	黑铁头盔	0	0	0
0	烈火剑法	0	0	0
0	野蛮冲撞	0	0	0
0	心灵启示	0	0	0
0	群体治疗术	0	0	0
0	召唤神兽	0	0	0
0	魔法盾	0	0	0
0	圣言术	0	0	0
0	冰咆哮	0	0	0
0	超级金创药	0	0	0
0	超级魔法药	0	0	0
1	强效太阳水	0	0	0
0	骰子	0	0	0
0	佛牌	0	0	0
0	黑铁矿石	0	0	0
0	彩票	0	0	0
1	疗伤药	0	0	0
1	特殊药水	0	0	0
0	药剂师的信	0	0	0
3	命运之刃	0	0	0
3	屠龙	0	0	0
3	骨玉权杖	0	0	0
3	龙纹剑	0	0	0
3	嗜魂法杖	0	0	0
6	火把	0	0	0
4	头盔	0	0	0
1	鹿茸	0	0	0
4	紫碧螺	0	0	0
4	泰坦戒指	0	0	0
4	幽灵手套	0	0	0
4	阎罗手套	0	0	0
4	龙之手镯	0	0	0
4	天珠项链	0	0	0
4	幽灵项链	0	0	0
0	金条	0	0	0
1	鹿血	0	0	0
4	神秘戒指	0	0	0
4	神秘腰带	0	0	0
4	神秘头盔	0	0	0
1	神水	0	0	0
1	万年雪霜	0	0	0
4	魔力手镯	0	0	0
0	筹码	0	0	0
1	神秘药水	0	0	0
0	金创药(小)包	0	0	0
0	魔法药(小)包	0	0	0
0	金创药(中)包	0	0	0
0	魔法药(中)包	0	0	0
0	地牢逃脱卷包	0	0	0
0	随机传送卷包	0	0	0
0	回城卷包	0	0	0
0	行会回城卷包	0	0	0
0	筹码包	0	0	0
0	攻击力药水	0	0	0
0	魔法力药水	0	0	0
0	道术力药水	0	0	0
0	疾风药水	0	0	0
0	HP强化水	0	0	0
0	MP强化水	0	0	0
0	金砖	0	0	0
0	攻击力药水(中)	0	0	0
0	魔法力药水(中)	0	0	0
0	道术力药水(中)	0	0	0
0	疾风药水(中)	0	0	0
0	HP强化水(中)	0	0	0
0	MP强化水(中)	0	0	0
0	强效攻击力药水	0	0	0
0	强效魔法力药水	0	0	0
0	强效道术力药水	0	0	0
0	强效HP强化水	0	0	0
0	强效MP强化水	0	0	0
0	超级攻击力药水	0	0	0
0	超级魔法力药水	0	0	0
0	超级道术力药水	0	0	0
0	超级HP强化水	0	0	0
0	超级MP强化水	0	0	0
0	超级疾风药水	0	0	0
0	强效疾风药水	0	0	0
0	苹果	0	0	0
3	赤血魔剑	0	0	0
4	魔血戒指	0	0	0
4	魔血手镯	0	0	0
4	魔血项链	0	0	0
4	虹魔戒指	0	0	0
4	虹魔手镯	0	0	0
4	虹魔项链	0	0	0
5	护身符(大)	0	0	0
2	战神盔甲(男)	0	0	0
2	战神盔甲(女)	0	0	0
2	幽灵战衣(男)	0	0	0
2	幽灵战衣(女)	0	0	0
2	恶魔长袍(男)	0	0	0
2	恶魔长袍(女)	0	0	0
2	中型盔甲(男)	0	0	0
2	中型盔甲(女)	0	0	0
4	圣战头盔	0	0	0
4	圣战项链	0	0	0
4	圣战手镯	0	0	0
4	圣战戒指	0	0	0
4	法神头盔	0	0	0
4	法神项链	0	0	0
4	法神手镯	0	0	0
4	法神戒指	0	0	0
4	天尊头盔	0	0	0
4	天尊项链	0	0	0
4	天尊手镯	0	0	0
4	天尊戒指	0	0	0
3	罗刹	0	0	0
4	祈福项链	0	0	0
6	荣誉勋章11号	0	0	0
6	荣誉勋章12号	0	0	0
6	荣誉勋章13号	0	0	0
6	荣誉勋章14号	0	0	0
6	荣誉勋章15号	0	0	0
6	荣誉勋章21号	0	0	0
6	荣誉勋章22号	0	0	0
6	荣誉勋章23号	0	0	0
6	荣誉勋章24号	0	0	0
6	荣誉勋章25号	0	0	0
6	荣誉勋章31号	0	0	0
6	荣誉勋章32号	0	0	0
6	荣誉勋章33号	0	0	0
6	荣誉勋章34号	0	0	0
6	荣誉勋章35号	0	0	0
6	荣誉勋章41号	0	0	0
6	荣誉勋章42号	0	0	0
6	荣誉勋章43号	0	0	0
6	荣誉勋章44号	0	0	0
6	荣誉勋章45号	0	0	0
3	龙牙	0	0	0
3	怒斩	0	0	0
3	逍遥扇	0	0	0
2	天魔神甲	0	0	0
2	圣战宝甲	0	0	0
2	法神披风	0	0	0
2	霓裳羽衣	0	0	0
2	天尊道袍	0	0	0
2	天师长袍	0	0	0
3	霸者之刃	0	0	0
0	金盒	0	0	0
0	超级祝福油	0	0	0
1	祝福罐	0	0	0
0	红名清洗卡	0	0	0
0	玛雅传送卡	0	0	0
0	气血石(小)	0	0	0
0	气血石(中)	0	0	0
0	气血石(大)	0	0	0
0	气魔石(小)	0	0	0
0	气魔石(中)	0	0	0
0	气魔石(大)	0	0	0
0	魔血石(小)	0	0	0
0	魔血石(中)	0	0	0
0	魔血石(大)	0	0	0
0	祝福油(大)	0	0	0
0	聚灵珠(小)	0	0	0
0	聚灵珠(大)	0	0	0
0	千里传音(小)	0	0	0
0	千里传音(大)	0	0	0
0	传音筒	0	0	0
0	超级传音筒	0	0	0
1	回城石	0	0	0
1	随机石(小)	0	0	0
1	随机传送石	0	0	0
0	盟重传送石	0	0	0
0	比奇传送石	0	0	0
0	苍月传送石	0	0	0
0	封魔传送石	0	0	0
0	记路标石	0	0	0
0	个性发型	0	0	0
0	反璞归真	0	0	0
0	金钻服务	0	0	0
6	双倍经验勋章	0	0	0
6	三倍经验勋章	0	0	0
0	5元宝	0	0	0
0	20元宝	0	0	0
0	50元宝	0	0	0
0	100元宝	0	0	0
0	10元宝	0	0	0
1	修复神水	0	0	0
0	移动仓库卷	0	0	0
0	庆典蛋糕	0	0	0
0	一心一意	0	0	0
0	心心相印	0	0	0
0	飞火流星	0	0	0
0	浪漫星雨	0	0	0
0	绮梦幻想	0	0	0
0	长空火舞	0	0	0
0	如雾似梦	0	0	0
0	一心一意包	0	0	0
0	心心相印包	0	0	0
0	飞火流星包	0	0	0
0	浪漫星雨包	0	0	0
0	绮梦幻想包	0	0	0
0	长空火舞包	0	0	0
0	如雾似梦包	0	0	0
0	强效太阳包	0	0	0
0	万年雪霜包	0	0	0
5	传送符	0	0	0
0	圣战大礼包	0	0	0
0	法神大礼包	0	0	0
0	天尊大礼包	0	0	0
0	圣战豪华礼包	0	0	0
0	法神豪华礼包	0	0	0
0	天尊豪华礼包	0	0	0
0	500元宝	0	0	0
0	1道力神水	0	0	0
0	1魔力神水	0	0	0
0	1攻击神水	0	0	0
0	九珠连环炮	0	0	0
0	斗笠	0	0	0
3	霸者之刃	0	0	0
0	2元宝	0	0	0
0	1元宝	0	0	0
0	1万经验卷	0	0	0
0	2万经验卷	0	0	0
0	3万经验卷	0	0	0
0	4万经验卷	0	0	0
0	1000元宝	0	0	0
0	2000元宝	0	0	0
0	5000元宝	0	0	0
0	10000元宝	0	0	0
0	疗伤药包	0	0	0
0	传送卡10次	0	0	0
4	纪念头盔(战)	0	0	0
4	纪念头盔(法)	0	0	0
4	纪念头盔(道)	0	0	0
1	太阳水捆药绳	0	0	0
1	万年雪霜捆药绳	0	0	0
1	疗伤药捆药绳	0	0	0
4	纪念头盔・神	0	0	0
4	纪念头盔・魔	0	0	0
4	纪念头盔・圣	0	0	0
4	纪念头盔（战）	0	0	0
6	四倍经验勋章	0	0	0
6	五倍经验勋章	0	0	0
0	5万经验卷	0	0	0
0	6万经验卷	0	0	0
0	7万经验卷	0	0	0
0	8万经验卷	0	0	0
0	9万经验卷	0	0	0
0	10万经验卷	0	0	0
0	11万经验卷	0	0	0
0	12万经验卷	0	0	0
0	13万经验卷	0	0	0
0	14万经验卷	0	0	0
0	15万经验卷	0	0	0
3	定渊剑	0	0	0
3	天之定渊剑	0	0	0
0	战绩清空卡	0	0	0
0	上古羽衣(封)	0	0	0
0	上古道袍(封)	0	0	0
0	上古长袍(封)	0	0	0
2	上古神甲	0	0	0
2	上古宝甲	0	0	0
2	上古披风	0	0	0
2	上古羽衣	0	0	0
2	上古道袍	0	0	0
2	上古长袍	0	0	0
3	天之裁决之杖	0	0	0
3	天之骨玉权杖	0	0	0
3	天之龙纹剑	0	0	0
3	天之怒斩	0	0	0
3	天之龙牙	0	0	0
3	天之逍遥扇	0	0	0
3	天之屠龙	0	0	0
3	天之嗜魂法杖	0	0	0
3	天之霸者之刃	0	0	0
0	BOSS之家传送卡	0	0	0
1	双倍卷轴	0	0	0
1	三倍卷轴	0	0	0
6	龙之指环	0	0	0
6	红宝石指环	0	0	0
6	铂金指环	0	0	0
6	幽灵腰带	0	0	0
6	生命腰带	0	0	0
6	天珠腰带	0	0	0
6	阎罗靴	0	0	0
6	思贝儿靴	0	0	0
6	心灵靴	0	0	0
6	力量指环	0	0	0
6	紫碧螺指环	0	0	0
6	泰坦指环	0	0	0
6	绿色腰带	0	0	0
6	恶魔腰带	0	0	0
6	灵魂腰带	0	0	0
6	骑士靴	0	0	0
6	龙之靴	0	0	0
6	三眼靴	0	0	0
6	圣战指环	0	0	0
6	法神指环	0	0	0
6	天尊指环	0	0	0
6	圣战腰带	0	0	0
6	法神腰带	0	0	0
6	天尊腰带	0	0	0
6	圣战靴	0	0	0
6	法神靴	0	0	0
6	天尊靴	0	0	0
4	天之圣战头盔	0	0	0
4	天之圣战项链	0	0	0
4	天之圣战手镯	0	0	0
4	天之圣战戒指	0	0	0
4	天之法神头盔	0	0	0
4	天之法神项链	0	0	0
4	天之法神手镯	0	0	0
4	天之法神戒指	0	0	0
4	天之天尊头盔	0	0	0
4	天之天尊项链	0	0	0
4	天之天尊手镯	0	0	0
4	天之天尊戒指	0	0	0
6	天之圣战指环	0	0	0
6	天之法神指环	0	0	0
6	天之天尊指环	0	0	0
6	天之圣战腰带	0	0	0
6	天之法神腰带	0	0	0
6	天之天尊腰带	0	0	0
6	天之圣战靴	0	0	0
6	天之法神靴	0	0	0
6	天之天尊靴	0	0	0
0	声望卷	0	0	0
0	抽奖卷	0	0	0
0	节日宝箱	0	0	0
0	节日钥匙	0	0	0
0	珍珑宝箱	0	0	0
0	珍珑钥匙	0	0	0
